ID_1	ID_2	missing
0	0	0
88	88	0
108	108	0
139	139	0
159	159	0
265	265	0
350	350	0
351	351	0
403	403	0
410	410	0
424	424	0
428	428	0
430	430	0
630	630	0
763	763	0
765	765	0
766	766	0
768	768	0
772	772	0
801	801	0
870	870	0
915	915	0
932	932	0
991	991	0
992	992	0
997	997	0
1002	1002	0
1061	1061	0
1062	1062	0
1063	1063	0
1066	1066	0
1158	1158	0
1254	1254	0
1257	1257	0
1317	1317	0
1552	1552	0
1829	1829	0
1853	1853	0
1872	1872	0
1890	1890	0
1925	1925	0
1954	1954	0
2016	2016	0
2171	2171	0
2202	2202	0
2276	2276	0
2278	2278	0
2317	2317	0
4779	4779	0
4807	4807	0
4826	4826	0
4884	4884	0
4900	4900	0
4958	4958	0
5023	5023	0
5104	5104	0
5151	5151	0
5165	5165	0
5210	5210	0
5236	5236	0
5253	5253	0
5276	5276	0
5349	5349	0
5353	5353	0
5486	5486	0
5577	5577	0
5644	5644	0
5720	5720	0
5726	5726	0
5741	5741	0
5748	5748	0
5757	5757	0
5768	5768	0
5772	5772	0
5779	5779	0
5784	5784	0
5800	5800	0
5811	5811	0
5822	5822	0
5830	5830	0
5831	5831	0
5832	5832	0
5837	5837	0
5856	5856	0
5865	5865	0
5867	5867	0
5874	5874	0
5890	5890	0
5893	5893	0
5907	5907	0
5921	5921	0
5950	5950	0
5984	5984	0
5993	5993	0
6008	6008	0
6009	6009	0
6011	6011	0
6012	6012	0
6013	6013	0
6016	6016	0
6017	6017	0
6019	6019	0
6020	6020	0
6021	6021	0
6023	6023	0
6024	6024	0
6025	6025	0
6030	6030	0
6034	6034	0
6035	6035	0
6036	6036	0
6038	6038	0
6039	6039	0
6040	6040	0
6041	6041	0
6042	6042	0
6043	6043	0
6046	6046	0
6064	6064	0
6069	6069	0
6070	6070	0
6071	6071	0
6073	6073	0
6074	6074	0
6076	6076	0
6085	6085	0
6086	6086	0
6088	6088	0
6090	6090	0
6092	6092	0
6094	6094	0
6097	6097	0
6098	6098	0
6099	6099	0
6100	6100	0
6102	6102	0
6104	6104	0
6105	6105	0
6106	6106	0
6107	6107	0
6108	6108	0
6109	6109	0
6111	6111	0
6112	6112	0
6113	6113	0
6114	6114	0
6115	6115	0
6118	6118	0
6122	6122	0
6124	6124	0
6125	6125	0
6126	6126	0
6128	6128	0
6131	6131	0
6132	6132	0
6133	6133	0
6134	6134	0
6136	6136	0
6137	6137	0
6138	6138	0
6140	6140	0
6142	6142	0
6145	6145	0
6148	6148	0
6149	6149	0
6150	6150	0
6151	6151	0
6153	6153	0
6154	6154	0
6163	6163	0
6166	6166	0
6169	6169	0
6172	6172	0
6173	6173	0
6174	6174	0
6177	6177	0
6180	6180	0
6184	6184	0
6188	6188	0
6189	6189	0
6191	6191	0
6192	6192	0
6193	6193	0
6194	6194	0
6195	6195	0
6198	6198	0
6201	6201	0
6202	6202	0
6203	6203	0
6209	6209	0
6210	6210	0
6216	6216	0
6217	6217	0
6218	6218	0
6220	6220	0
6221	6221	0
6231	6231	0
6235	6235	0
6237	6237	0
6238	6238	0
6240	6240	0
6241	6241	0
6242	6242	0
6243	6243	0
6244	6244	0
6252	6252	0
6255	6255	0
6258	6258	0
6268	6268	0
6276	6276	0
6284	6284	0
6296	6296	0
6390	6390	0
6396	6396	0
6413	6413	0
6424	6424	0
6434	6434	0
6445	6445	0
6680	6680	0
6744	6744	0
6830	6830	0
6897	6897	0
6898	6898	0
6900	6900	0
6901	6901	0
6903	6903	0
6904	6904	0
6907	6907	0
6908	6908	0
6909	6909	0
6911	6911	0
6913	6913	0
6915	6915	0
6917	6917	0
6918	6918	0
6919	6919	0
6920	6920	0
6922	6922	0
6923	6923	0
6924	6924	0
6926	6926	0
6927	6927	0
6929	6929	0
6931	6931	0
6932	6932	0
6933	6933	0
6938	6938	0
6940	6940	0
6943	6943	0
6944	6944	0
6945	6945	0
6951	6951	0
6956	6956	0
6957	6957	0
6958	6958	0
6959	6959	0
6960	6960	0
6961	6961	0
6963	6963	0
6966	6966	0
6967	6967	0
6968	6968	0
6969	6969	0
6970	6970	0
6971	6971	0
6973	6973	0
6974	6974	0
6975	6975	0
6976	6976	0
6979	6979	0
6981	6981	0
6982	6982	0
6984	6984	0
6986	6986	0
6987	6987	0
6989	6989	0
6990	6990	0
6992	6992	0
6997	6997	0
7000	7000	0
7002	7002	0
7003	7003	0
7008	7008	0
7013	7013	0
7014	7014	0
7025	7025	0
7026	7026	0
7028	7028	0
7031	7031	0
7033	7033	0
7036	7036	0
7058	7058	0
7061	7061	0
7062	7062	0
7063	7063	0
7064	7064	0
7067	7067	0
7068	7068	0
7071	7071	0
7072	7072	0
7077	7077	0
7081	7081	0
7092	7092	0
7094	7094	0
7096	7096	0
7102	7102	0
7103	7103	0
7106	7106	0
7107	7107	0
7109	7109	0
7111	7111	0
7117	7117	0
7119	7119	0
7120	7120	0
7125	7125	0
7126	7126	0
7127	7127	0
7130	7130	0
7133	7133	0
7138	7138	0
7143	7143	0
7147	7147	0
7158	7158	0
7160	7160	0
7161	7161	0
7162	7162	0
7163	7163	0
7164	7164	0
7165	7165	0
7169	7169	0
7177	7177	0
7181	7181	0
7186	7186	0
7192	7192	0
7199	7199	0
7202	7202	0
7203	7203	0
7207	7207	0
7208	7208	0
7209	7209	0
7213	7213	0
7217	7217	0
7218	7218	0
7223	7223	0
7231	7231	0
7236	7236	0
7244	7244	0
7248	7248	0
7250	7250	0
7255	7255	0
7258	7258	0
7268	7268	0
7273	7273	0
7276	7276	0
7280	7280	0
7282	7282	0
7287	7287	0
7288	7288	0
7296	7296	0
7298	7298	0
7305	7305	0
7306	7306	0
7307	7307	0
7314	7314	0
7316	7316	0
7319	7319	0
7320	7320	0
7322	7322	0
7323	7323	0
7327	7327	0
7328	7328	0
7332	7332	0
7333	7333	0
7337	7337	0
7342	7342	0
7343	7343	0
7344	7344	0
7346	7346	0
7347	7347	0
7349	7349	0
7350	7350	0
7353	7353	0
7354	7354	0
7356	7356	0
7372	7372	0
7373	7373	0
7377	7377	0
7378	7378	0
7382	7382	0
7383	7383	0
7384	7384	0
7387	7387	0
7394	7394	0
7396	7396	0
7404	7404	0
7411	7411	0
7413	7413	0
7415	7415	0
7416	7416	0
7417	7417	0
7418	7418	0
7419	7419	0
7424	7424	0
7427	7427	0
7430	7430	0
7460	7460	0
7461	7461	0
7471	7471	0
7477	7477	0
7514	7514	0
7515	7515	0
7516	7516	0
7517	7517	0
7520	7520	0
7521	7521	0
7523	7523	0
7525	7525	0
7717	7717	0
7917	7917	0
7947	7947	0
8077	8077	0
8132	8132	0
8214	8214	0
8222	8222	0
8227	8227	0
8230	8230	0
8231	8231	0
8233	8233	0
8234	8234	0
8235	8235	0
8236	8236	0
8237	8237	0
8238	8238	0
8239	8239	0
8240	8240	0
8241	8241	0
8242	8242	0
8243	8243	0
8244	8244	0
8246	8246	0
8247	8247	0
8249	8249	0
8256	8256	0
8258	8258	0
8259	8259	0
8264	8264	0
8283	8283	0
8284	8284	0
8285	8285	0
8290	8290	0
8297	8297	0
8306	8306	0
8307	8307	0
8311	8311	0
8312	8312	0
8326	8326	0
8334	8334	0
8335	8335	0
8337	8337	0
8343	8343	0
8351	8351	0
8354	8354	0
8357	8357	0
8365	8365	0
8366	8366	0
8369	8369	0
8376	8376	0
8386	8386	0
8387	8387	0
8419	8419	0
8420	8420	0
8422	8422	0
8424	8424	0
8426	8426	0
9057	9057	0
9058	9058	0
9067	9067	0
9069	9069	0
9070	9070	0
9075	9075	0
9078	9078	0
9079	9079	0
9081	9081	0
9084	9084	0
9085	9085	0
9089	9089	0
9091	9091	0
9095	9095	0
9099	9099	0
9100	9100	0
9102	9102	0
9103	9103	0
9104	9104	0
9105	9105	0
9106	9106	0
9111	9111	0
9113	9113	0
9114	9114	0
9115	9115	0
9121	9121	0
9125	9125	0
9128	9128	0
9130	9130	0
9131	9131	0
9133	9133	0
9134	9134	0
9298	9298	0
9312	9312	0
9314	9314	0
9321	9321	0
9323	9323	0
9332	9332	0
9336	9336	0
9339	9339	0
9343	9343	0
9352	9352	0
9353	9353	0
9363	9363	0
9369	9369	0
9371	9371	0
9380	9380	0
9381	9381	0
9382	9382	0
9383	9383	0
9386	9386	0
9388	9388	0
9390	9390	0
9391	9391	0
9392	9392	0
9394	9394	0
9395	9395	0
9399	9399	0
9402	9402	0
9404	9404	0
9405	9405	0
9407	9407	0
9408	9408	0
9409	9409	0
9412	9412	0
9413	9413	0
9416	9416	0
9421	9421	0
9427	9427	0
9433	9433	0
9436	9436	0
9437	9437	0
9442	9442	0
9450	9450	0
9451	9451	0
9452	9452	0
9453	9453	0
9454	9454	0
9455	9455	0
9470	9470	0
9476	9476	0
9481	9481	0
9503	9503	0
9506	9506	0
9507	9507	0
9508	9508	0
9509	9509	0
9510	9510	0
9511	9511	0
9512	9512	0
9513	9513	0
9514	9514	0
9515	9515	0
9517	9517	0
9518	9518	0
9519	9519	0
9520	9520	0
9521	9521	0
9522	9522	0
9523	9523	0
9524	9524	0
9525	9525	0
9526	9526	0
9527	9527	0
9528	9528	0
9529	9529	0
9530	9530	0
9531	9531	0
9532	9532	0
9533	9533	0
9534	9534	0
9535	9535	0
9536	9536	0
9537	9537	0
9539	9539	0
9540	9540	0
9541	9541	0
9542	9542	0
9543	9543	0
9544	9544	0
9545	9545	0
9546	9546	0
9547	9547	0
9548	9548	0
9549	9549	0
9550	9550	0
9551	9551	0
9552	9552	0
9553	9553	0
9554	9554	0
9555	9555	0
9556	9556	0
9557	9557	0
9558	9558	0
9559	9559	0
9560	9560	0
9561	9561	0
9562	9562	0
9564	9564	0
9565	9565	0
9567	9567	0
9568	9568	0
9569	9569	0
9571	9571	0
9573	9573	0
9574	9574	0
9576	9576	0
9577	9577	0
9578	9578	0
9579	9579	0
9581	9581	0
9582	9582	0
9583	9583	0
9584	9584	0
9585	9585	0
9586	9586	0
9587	9587	0
9588	9588	0
9589	9589	0
9590	9590	0
9591	9591	0
9592	9592	0
9593	9593	0
9594	9594	0
9595	9595	0
9596	9596	0
9597	9597	0
9598	9598	0
9599	9599	0
9600	9600	0
9601	9601	0
9602	9602	0
9606	9606	0
9607	9607	0
9608	9608	0
9609	9609	0
9610	9610	0
9611	9611	0
9612	9612	0
9613	9613	0
9615	9615	0
9616	9616	0
9617	9617	0
9619	9619	0
9620	9620	0
9621	9621	0
9622	9622	0
9624	9624	0
9625	9625	0
9626	9626	0
9627	9627	0
9628	9628	0
9629	9629	0
9630	9630	0
9631	9631	0
9632	9632	0
9633	9633	0
9634	9634	0
9635	9635	0
9636	9636	0
9637	9637	0
9638	9638	0
9639	9639	0
9640	9640	0
9641	9641	0
9642	9642	0
9643	9643	0
9644	9644	0
9645	9645	0
9646	9646	0
9647	9647	0
9648	9648	0
9649	9649	0
9651	9651	0
9653	9653	0
9655	9655	0
9656	9656	0
9657	9657	0
9658	9658	0
9659	9659	0
9660	9660	0
9661	9661	0
9663	9663	0
9664	9664	0
9665	9665	0
9666	9666	0
9667	9667	0
9668	9668	0
9669	9669	0
9670	9670	0
9671	9671	0
9672	9672	0
9673	9673	0
9676	9676	0
9677	9677	0
9678	9678	0
9679	9679	0
9680	9680	0
9681	9681	0
9682	9682	0
9683	9683	0
9684	9684	0
9685	9685	0
9686	9686	0
9687	9687	0
9689	9689	0
9690	9690	0
9691	9691	0
9692	9692	0
9693	9693	0
9694	9694	0
9695	9695	0
9696	9696	0
9697	9697	0
9698	9698	0
9699	9699	0
9700	9700	0
9701	9701	0
9703	9703	0
9704	9704	0
9705	9705	0
9706	9706	0
9707	9707	0
9708	9708	0
9709	9709	0
9710	9710	0
9711	9711	0
9712	9712	0
9713	9713	0
9714	9714	0
9716	9716	0
9717	9717	0
9718	9718	0
9719	9719	0
9720	9720	0
9721	9721	0
9722	9722	0
9723	9723	0
9725	9725	0
9726	9726	0
9727	9727	0
9728	9728	0
9729	9729	0
9730	9730	0
9731	9731	0
9732	9732	0
9733	9733	0
9735	9735	0
9736	9736	0
9737	9737	0
9738	9738	0
9739	9739	0
9741	9741	0
9743	9743	0
9744	9744	0
9745	9745	0
9747	9747	0
9748	9748	0
9749	9749	0
9754	9754	0
9755	9755	0
9756	9756	0
9757	9757	0
9758	9758	0
9759	9759	0
9761	9761	0
9762	9762	0
9764	9764	0
9766	9766	0
9768	9768	0
9769	9769	0
9770	9770	0
9771	9771	0
9772	9772	0
9774	9774	0
9775	9775	0
9776	9776	0
9777	9777	0
9778	9778	0
9779	9779	0
9780	9780	0
9781	9781	0
9782	9782	0
9783	9783	0
9784	9784	0
9785	9785	0
9786	9786	0
9787	9787	0
9788	9788	0
9789	9789	0
9790	9790	0
9791	9791	0
9792	9792	0
9793	9793	0
9794	9794	0
9795	9795	0
9796	9796	0
9797	9797	0
9798	9798	0
9799	9799	0
9800	9800	0
9801	9801	0
9802	9802	0
9803	9803	0
9804	9804	0
9805	9805	0
9806	9806	0
9807	9807	0
9808	9808	0
9809	9809	0
9810	9810	0
9811	9811	0
9812	9812	0
9813	9813	0
9814	9814	0
9815	9815	0
9816	9816	0
9817	9817	0
9819	9819	0
9820	9820	0
9821	9821	0
9822	9822	0
9823	9823	0
9824	9824	0
9825	9825	0
9826	9826	0
9827	9827	0
9828	9828	0
9830	9830	0
9831	9831	0
9832	9832	0
9833	9833	0
9834	9834	0
9835	9835	0
9836	9836	0
9837	9837	0
9838	9838	0
9839	9839	0
9840	9840	0
9841	9841	0
9843	9843	0
9844	9844	0
9845	9845	0
9846	9846	0
9847	9847	0
9848	9848	0
9849	9849	0
9850	9850	0
9851	9851	0
9852	9852	0
9853	9853	0
9854	9854	0
9855	9855	0
9856	9856	0
9857	9857	0
9858	9858	0
9859	9859	0
9860	9860	0
9861	9861	0
9862	9862	0
9864	9864	0
9866	9866	0
9867	9867	0
9868	9868	0
9869	9869	0
9870	9870	0
9871	9871	0
9873	9873	0
9874	9874	0
9875	9875	0
9876	9876	0
9877	9877	0
9878	9878	0
9879	9879	0
9880	9880	0
9881	9881	0
9882	9882	0
9883	9883	0
9885	9885	0
9886	9886	0
9887	9887	0
9888	9888	0
9890	9890	0
9891	9891	0
9892	9892	0
9894	9894	0
9895	9895	0
9897	9897	0
9898	9898	0
9899	9899	0
9900	9900	0
9901	9901	0
9902	9902	0
9903	9903	0
9904	9904	0
9905	9905	0
9906	9906	0
9908	9908	0
9909	9909	0
9910	9910	0
9911	9911	0
9914	9914	0
9915	9915	0
9917	9917	0
9918	9918	0
9920	9920	0
9921	9921	0
9924	9924	0
9925	9925	0
9926	9926	0
9927	9927	0
9928	9928	0
9929	9929	0
9930	9930	0
9932	9932	0
9933	9933	0
9935	9935	0
9937	9937	0
9938	9938	0
9939	9939	0
9941	9941	0
9942	9942	0
9943	9943	0
9944	9944	0
9945	9945	0
9946	9946	0
9947	9947	0
9948	9948	0
9949	9949	0
9950	9950	0
9951	9951	0
9952	9952	0
9953	9953	0
9955	9955	0
9956	9956	0
9957	9957	0
9958	9958	0
9959	9959	0
9960	9960	0
9962	9962	0
9963	9963	0
9964	9964	0
9965	9965	0
9966	9966	0
9968	9968	0
9969	9969	0
9970	9970	0
9971	9971	0
9972	9972	0
9973	9973	0
9974	9974	0
9975	9975	0
9976	9976	0
9978	9978	0
9979	9979	0
9980	9980	0
9981	9981	0
9982	9982	0
9983	9983	0
9984	9984	0
9985	9985	0
9986	9986	0
9987	9987	0
9988	9988	0
9990	9990	0
9991	9991	0
9993	9993	0
9995	9995	0
9996	9996	0
9997	9997	0
9998	9998	0
9999	9999	0
10001	10001	0
10002	10002	0
10004	10004	0
10005	10005	0
10006	10006	0
10008	10008	0
10009	10009	0
10010	10010	0
10011	10011	0
10012	10012	0
10013	10013	0
10014	10014	0
10015	10015	0
10017	10017	0
10018	10018	0
10020	10020	0
10022	10022	0
10023	10023	0
